18c | auto fan | cool
unsigned int  rawData[131] = {8900,4500, 500,600, 500,600, 550,1700, 500,600, 550,1700, 500,600, 550,600, 500,650, 500,600, 550,1700, 500,600, 550,550, 550,600, 550,600, 500,1700, 550,1700, 500,600, 550,600, 500,600, 550,600, 500,600, 550,600, 500,600, 550,600, 550,600, 500,600, 550,600, 500,600, 550,600, 550,550, 550,600, 550,600, 500,600, 550,600, 500,600, 550,600, 550,550, 550,600, 550,600, 500,600, 550,1700, 500,1750, 500,1700, 500,600, 550,600, 500,600, 550,600, 500,1750, 500,600, 550,600, 500,600, 550,600, 500,600, 550,1700, 500,1700, 500,1750, 500,600, 550,600, 500,600, 550,600, 500,1750, 500,600, 500,600, 550,600, 500};

19c | auto fan | cool
unsigned int  rawData[131] = {8900,4450, 550,550, 550,600, 550,1650, 550,600, 550,1700, 500,600, 500,600, 550,600, 550,600, 500,1700, 550,600, 500,600, 550,600, 500,1750, 500,600, 500,650, 500,600, 550,600, 500,600, 550,600, 500,600, 550,600, 500,600, 550,600, 550,600, 500,600, 550,600, 500,600, 550,600, 500,600, 550,600, 500,650, 500,600, 550,600, 500,600, 550,600, 500,600, 550,600, 550,550, 550,600, 550,1700, 500,1750, 500,600, 500,1700, 550,550, 550,600, 550,600, 500,1700, 550,600, 500,600, 550,600, 550,550, 550,600, 550,1700, 500,1700, 500,1750, 500,600, 550,600, 500,600, 550,600, 500,1700, 550,550, 550,600, 550,600, 500};

20c | auto fan | cool
unsigned int  rawData[131] = {8900,4500, 500,600, 500,600, 550,1700, 500,600, 550,1700, 500,600, 550,600, 500,650, 500,600, 550,1700, 500,600, 550,600, 500,600, 550,1700, 500,600, 550,1700, 500,600, 550,600, 500,600, 550,600, 500,600, 550,600, 550,550, 550,600, 550,600, 500,600, 550,600, 550,550, 550,600, 550,550, 550,600, 550,600, 550,550, 550,600, 550,550, 550,600, 550,600, 500,600, 550,600, 500,600, 550,1700, 550,1650, 550,600, 500,600, 550,600, 500,600, 550,600, 550,1700, 500,600, 550,600, 500,600, 550,600, 500,600, 550,1700, 500,1700, 550,1700, 500,600, 550,600, 500,600, 550,600, 550,1700, 500,600, 500,600, 550,600, 550};

21c | auto fan | cool
unsigned int  rawData[131] = {8900,4500, 500,600, 550,550, 550,1700, 500,600, 550,1700, 500,600, 550,600, 500,650, 500,600, 550,1700, 500,600, 550,600, 500,600, 550,1700, 500,1700, 550,600, 500,600, 550,600, 500,600, 550,600, 550,550, 550,600, 550,550, 550,600, 550,600, 550,550, 550,600, 550,550, 550,600, 550,600, 500,600, 550,600, 550,600, 500,600, 550,600, 500,600, 550,600, 500,600, 550,600, 500,650, 500,1700, 550,550, 550,1700, 500,1700, 550,600, 500,600, 550,600, 500,1750, 500,600, 550,600, 500,600, 550,600, 500,600, 550,1700, 500,1700, 550,1700, 500,600, 550,600, 500,600, 550,600, 500,1700, 550,600, 500,600, 550,600, 500};

off
unsigned int  rawData[131] = {8900,4500, 500,600, 500,600, 550,1700, 500,600, 550,600, 500,600, 550,600, 500,600, 550,600, 550,1700, 500,600, 550,550, 550,600, 550,1700, 500,600, 550,600, 500,600, 550,600, 500,600, 550,600, 500,600, 550,600, 550,550, 550,600, 550,600, 500,600, 550,600, 550,550, 550,600, 550,550, 550,600, 550,600, 550,550, 550,600, 550,550, 550,600, 550,600, 500,600, 550,600, 500,600, 550,600, 550,1700, 500,600, 550,1650, 550,600, 500,600, 550,600, 550,1700, 500,600, 550,600, 500,600, 550,600, 500,600, 550,1700, 500,1750, 500,1700, 500,600, 550,600, 500,600, 550,600, 550,1650, 550,600, 500,600, 550,600, 550};

on
unsigned int  rawData[131] = {8900,4500, 500,600, 500,600, 550,1700, 500,600, 550,1700, 500,600, 550,600, 500,650, 500,600, 550,1700, 500,600, 550,600, 500,600, 550,1700, 500,600, 550,600, 550,550, 550,600, 550,550, 550,600, 550,600, 500,600, 550,600, 500,600, 550,600, 550,550, 550,600, 550,600, 500,600, 550,600, 500,600, 550,600, 550,600, 500,600, 550,600, 500,600, 550,550, 550,600, 550,600, 500,650, 500,1700, 550,1650, 550,600, 500,1700, 550,600, 500,600, 550,600, 550,1700, 500,600, 550,600, 500,600, 550,600, 500,600, 550,1700, 500,1700, 550,1700, 500,600, 550,600, 500,600, 550,600, 550,1650, 550,600, 500,600, 550,600, 550}; 
